Times  Base[,]    Base[][]   BaseP[,]  BaseP[][]   MM4[,]     MM4[][]     MM8[,]    MM8[][]   Math.Net   MM16[][]
0050  000.0004    00.0002    00.0003    00.0002    00.0001    00.0002    00.0001    00.0001    0.0008    0.0003   
0101  000.0030    00.0019    00.0006    00.0005    00.0004    00.0004    00.0004    00.0003    0.0062    0.0020   
0202  000.0328    00.0169    00.0342    00.0116    00.0070    00.0040    00.0023    00.0018    0.0656    0.0401   
0404  000.2725    00.1229    00.0235    00.0417    00.0340    00.0279    00.0236    00.0212    0.4894    0.0268   
0809  001.8804    00.9679    00.2231    00.2249    00.1401    00.1271    00.1337    00.1038    3.7137    0.1191   
2001  028.2913    14.6282    04.0393    03.5716    02.0082    01.7421    02.1635    01.4969    55.8597    1.6215 

Times  Direct+   string.Format   InterpolatedStrings   InterpolatedStrings2 
010000  0.0151       0.0167         0.0167         0.0167
050000  0.0846       0.0807         0.0807         0.0807
100000  0.1730       0.1646         0.1646         0.1646
150000  0.2429       0.2476         0.2476         0.2476
200000  0.3091       0.3236         0.3236         0.3236
300000  0.4564       0.4858         0.4858         0.4858
400000  0.5935       0.6532         0.6532         0.6532
500000  0.7348       0.8133         0.8133         0.8133
600000  0.8832       0.9715         0.9715         0.9715
700000  1.0310       1.1339         1.1339         1.1339



Times  JSON-Simple  BinSerizer-Simple  Expression-Simple  BinSerialize-Complex  Expression-Complex 
01000     00.0033       00.0085            00.0041            00.3549            00.0287   
05000     00.0193       00.0467            00.0020            01.8987            00.1433   
10000     00.0455       00.0994            00.0034            04.0401            00.2650   
20000     00.0690       00.1867            00.0060            07.6897            00.5269   
40000     00.1500       00.4088            00.0123            15.5899            01.1146   


Times   int-Linq   int-For  int-Para  doub-Linq  doub-For  doub-Para dec-Linq  dec-For  dec-Parallel
0001000  0.0000    0.0000    0.0003    0.0000    0.0000    0.0001    0.0000    0.0000    0.0001   
0010000  0.0001    0.0002    0.0001    0.0001    0.0000    0.0001    0.0003    0.0002    0.0001   
0100000  0.0008    0.0020    0.0004    0.0010    0.0003    0.0005    0.0033    0.0021    0.0010   
1000000  0.0069    0.0203    0.0015    0.0097    0.0029    0.0019    0.0326    0.0212    0.0045   
9999999  0.0678    0.1986    0.0119    0.0980    0.0286    0.0170    0.3221    0.2103    0.0464 
